1667318939170 1.608982734570558 0
1667318948854 1.6075319840990263 1
1667318958635 1.6063011459920598 2
1667318967694 1.6052257685825742 3
1667318977480 1.604283231702344 4
1667318988698 1.6034458420742517 5
1667318999395 1.6026902015181794 6
1667319008335 1.6020125145199655 7
1667319018820 1.6014035427707365 8
1667319027340 1.600858119986523 9
1667319036831 1.6003652498639862 10
1667319048993 1.5999195161907152 11
1667319059277 1.5995079733859534 12
1667319069934 1.599135552603623 13
1667319079941 1.5987905661265056 14
1667319089133 1.5984743416994467 15
1667319097748 1.5981752762849304 16
1667319106439 1.5978865812564718 17
1667319116099 1.5976204663857647 18
1667319127065 1.5973671562370213 19
1667319137072 1.5971321730778134 20
1667319146249 1.596897844610543 21
1667319156162 1.596665703839269 22
1667319165810 1.5964386855048696 23
1667319176170 1.5961923947279482 24
1667319186453 1.5959458740278223 25
1667319196383 1.595708078351514 26
1667319207842 1.5954545034759346 27
1667319219694 1.595189967374692 28
1667319229731 1.5949053958914745 29
1667319241527 1.5945835129968051 30
1667319264987 1.5942412211977202 31
1667319276752 1.5938355618509752 32
1667319286624 1.5933877588688643 33
1667319297414 1.5928423407434047 34
1667319307356 1.592167572865541 35
1667319317412 1.591340248886196 36
1667319327071 1.5903159914345577 37
1667319336109 1.5889294347543825 38
1667319345365 1.5870624199680898 39
1667319356758 1.5843997045495044 40
1667319365993 1.5804764791466723 41
1667319375365 1.5743712710238051 42
1667319384698 1.5644424131546897 43
1667319392872 1.5480891367484784 44
1667319401084 1.5237717554487031 45
1667319409968 1.4969714594983508 46
1667319419204 1.4752526606636487 47
1667319427372 1.4570346555490603 48
1667319435209 1.438727709616738 49
1667319443195 1.4210371562804298 50
1667319451323 1.4030481760529265 51
1667319459486 1.384859439970433 52
1667319467588 1.3660958292840542 53
1667319476124 1.348061018976672 54
1667319484529 1.3318340918113445 55
1667319492578 1.3177718143353516 56
1667319500610 1.3050500710805257 57
1667319508520 1.2902800140709711 58
1667319516914 1.2713416971009353 59
1667319525349 1.2485332480792342 60
1667319533113 1.2244937770668118 61
1667319541168 1.2046151144751187 62
1667319549243 1.1894524925056544 63
1667319557051 1.1785712718963623 64
1667319565052 1.1695115371682179 65
1667319573472 1.1621548765007106 66
1667319581324 1.1570339000088046 67
1667319589244 1.1527894875098919 68
1667319596857 1.149528777736357 69
1667319604560 1.1465130389421836 70
1667319612398 1.1439496988537667 71
1667319620473 1.1416312815129073 72
1667319628646 1.139929601789891 73
1667319636580 1.1382714194812993 74
1667319644411 1.136504865514821 75
1667319652316 1.1352084768229518 76
1667319660630 1.1336469784550283 77
1667319669639 1.132611615630402 78
1667319677802 1.1316510244347584 79
1667319686167 1.1303656794558996 80
1667319695049 1.129543223600278 81
1667319703962 1.1285129174418833 82
1667319712461 1.127594123215511 83
1667319720793 1.1268549790327576 84
1667319728525 1.1261054055444126 85
1667319735996 1.1254021450020801 86
1667319743798 1.1244684718121056 87
1667319751566 1.1243132224028138 88
1667319758928 1.1235112420443831 89
1667319766291 1.1229433700956146 90
1667319773779 1.122218473204251 91
1667319781534 1.1217431249289678 92
1667319789120 1.12111337184906 93
1667319796827 1.1205539560866082 94
1667319804173 1.1201887610314907 95
1667319811703 1.119724624732445 96
1667319819330 1.1194189811575002 97
1667319826666 1.1188649391305858 98
1667319834020 1.118498569795455 99
1667319841696 1.1180345738071136 100
1667319849283 1.1178209962515995 101
1667319856923 1.1175707759528324 102
1667319864340 1.1171118193659288 103
1667319871602 1.1167005362181828 104
1667319879115 1.1164968435791718 105
1667319886486 1.1163271303834585 106
1667319896756 1.1157417475492104 107
1667319905053 1.1154636035020324 108
1667319913570 1.1152983997059964 109
1667319921884 1.1152105191658284 110
1667319929619 1.1148561373524282 111
1667319937349 1.1146124874038257 112
1667319945251 1.1142733661607764 113
1667319953377 1.1139685756858737 114
1667319962043 1.1140058731210642 115
1667319970332 1.113635093590309 116
1667319983104 1.1133892453950027 117
1667319990949 1.1132751286714926 118
1667319998710 1.113061702662501 119
1667320006185 1.113145788236596 120
1667320014133 1.1126040006506033 121
1667320021985 1.1120588847960549 122
1667320029753 1.1114759384900674 123
1667320037122 1.111110337027188 124
1667320044904 1.1108948910373382 125
1667320052827 1.1106695852060429 126
1667320060271 1.1105729081164832 127
1667320067594 1.1105588208669903 128
1667320074960 1.1102739926042229 129
1667320082335 1.1099739765298777 130
1667320089864 1.1098357850107654 131
1667320097618 1.1095840626749498 132
1667320105738 1.1091128587722778 133
1667320113620 1.1088767879310695 134
1667320121262 1.1086269425249649 135
1667320128621 1.1088990910299894 136
1667320139149 1.1084875465809614 137
1667320147000 1.1082455988588005 138
1667320154401 1.1083359394950427 139
1667320162007 1.1081490722195855 140
1667320169799 1.1079607933417135 141
1667320177775 1.108042066124664 142
1667320185467 1.1078639896436668 143
1667320193126 1.1077862427152436 144
1667320200644 1.1075862925628135 145
1667320208118 1.10773766040802 146
1667320215543 1.1075243560747168 147
1667320223155 1.1071056908574597 148
1667320230464 1.1072027735326482 149
1667320237675 1.106989260377555 150
1667320245027 1.1067787696575295 151
1667320252234 1.1067889238226003 152
1667320259548 1.106650782727647 153
1667320266858 1.1067524227602727 154
1667320274392 1.106606016624933 155
1667320281907 1.1063290034217397 156
1667320291074 1.1064386937810087 157
1667320298536 1.1062179861397579 158
1667320306184 1.1062743608978973 159
1667320313674 1.1059727715349745 160
1667320321066 1.1059894087670863 161
1667320328390 1.1059884350875329 162
1667320336035 1.105850716020869 163
1667320343346 1.105755417648403 164
1667320351162 1.1055428781728636 165
1667320358657 1.1053616014020196 166
1667320366670 1.105535800155552 167
1667320375779 1.1055847291288705 168
1667320383571 1.1054580968001793 169
1667320391731 1.1054897009641274 170
1667320400027 1.1052866221844464 171
1667320408187 1.105214714729923 172
1667320416503 1.1050485065613669 173
1667320424348 1.1048030242152598 174
1667320432273 1.1048031754877377 175
1667320441018 1.1047399126250168 176
1667320448941 1.1046414654830405 177
1667320461337 1.1047860732023744 178
1667320470044 1.1044570629624115 179
1667320478352 1.1043774319791246 180
1667320485995 1.104477998031967 181
1667320494515 1.1043579899031541 182
1667320502593 1.1043212471337154 183
1667320510937 1.1043046367579492 184
1667320519292 1.1042657632937376 185
1667320527013 1.1042542515129878 186
1667320535073 1.1041616919396937 187
1667320542855 1.1039940768274767 188
1667320550458 1.1037874704119803 189
1667320558327 1.1039511738152339 190
1667320566504 1.1038995466013064 191
1667320573809 1.103670298094037 192
1667320581206 1.103545099291308 193
1667320588947 1.1034237301212617 194
1667320596605 1.1035262897096831 195
1667320604188 1.1034978558277262 196
1667320612011 1.1033383999747792 197
1667320619647 1.1034703668506667 198
1667320627327 1.103314087034642 199
