1667318939461 0.18884822365509335 0
1667318949346 0.2 1
1667318958911 0.2 2
1667318967980 0.2 3
1667318977846 0.2 4
1667318989259 0.2 5
1667318999821 0.2 6
1667319008673 0.2 7
1667319019206 0.2 8
1667319027607 0.2 9
1667319037184 0.2 10
1667319049325 0.2 11
1667319059552 0.2 12
1667319070195 0.2 13
1667319080235 0.2 14
1667319089395 0.2 15
1667319098045 0.2 16
1667319106769 0.2 17
1667319116757 0.2 18
1667319127376 0.2 19
1667319137337 0.2 20
1667319146510 0.2 21
1667319156439 0.2 22
1667319166455 0.2 23
1667319176446 0.2 24
1667319186723 0.2 25
1667319197069 0.2 26
1667319208275 0.2 27
1667319219965 0.2 28
1667319230075 0.2 29
1667319241870 0.2 30
1667319265522 0.2 31
1667319277179 0.2 32
1667319287070 0.2 33
1667319297682 0.2 34
1667319307619 0.2 35
1667319317683 0.2 36
1667319327335 0.2 37
1667319336382 0.20008544087491456 38
1667319345920 0.20147860617266855 39
1667319357022 0.2060898180025723 40
1667319366260 0.22314894663643278 41
1667319375627 0.26876612629981145 42
1667319384966 0.304011402187408 43
1667319393263 0.31811810884239805 44
1667319401582 0.33036569708297603 45
1667319410232 0.33598131442789436 46
1667319419546 0.34313792423130585 47
1667319427636 0.34736936391841233 48
1667319435473 0.3514993114479031 49
1667319443459 0.3823530069396494 50
1667319451589 0.47135581849851677 51
1667319459749 0.499300377772958 52
1667319467918 0.5081567226448034 53
1667319476391 0.5149446845272013 54
1667319484833 0.5192177696167284 55
1667319492850 0.5288344378754019 56
1667319500877 0.5732299259924366 57
1667319508783 0.5969184089536521 58
1667319517313 0.6183838776501973 59
1667319525619 0.6478369544989087 60
1667319533379 0.6684579210905982 61
1667319541430 0.6770206033337363 62
1667319549509 0.682735838389577 63
1667319557338 0.6864646976611009 64
1667319565329 0.6902803819860851 65
1667319573736 0.6936614943935264 66
1667319581592 0.696458612951568 67
1667319589525 0.6985298434435767 68
1667319597119 0.6997221982055595 69
1667319604822 0.7005774935689721 70
1667319612662 0.7018952050210041 71
1667319620743 0.7035107080082648 72
1667319628912 0.7044978782182658 73
1667319636851 0.7052839382250726 74
1667319644676 0.7061600904835718 75
1667319652584 0.7076705061289177 76
1667319660936 0.7085380151894205 77
1667319669919 0.7091248803302552 78
1667319678082 0.7097860051045506 79
1667319686462 0.7106512627414222 80
1667319695321 0.7108213047949321 81
1667319704265 0.711574244498582 82
1667319712723 0.7118825727314838 83
1667319721058 0.7125785425207937 84
1667319728796 0.7134009615308321 85
1667319736262 0.7133801836852889 86
1667319744060 0.7140077850189235 87
1667319751829 0.7141532722766746 88
1667319759194 0.714559445261736 89
1667319766555 0.7152150993515207 90
1667319774046 0.715784338222131 91
1667319781799 0.7162475299887905 92
1667319789389 0.716711361956699 93
1667319797092 0.7172604248555032 94
1667319804444 0.7173736149413087 95
1667319811969 0.717232293204708 96
1667319819593 0.7178297247310625 97
1667319826936 0.7185318293576293 98
1667319834285 0.718664876733832 99
1667319841964 0.7187888060957246 100
1667319849547 0.7189007302755873 101
1667319857191 0.7189241633018596 102
1667319864604 0.7195229182610803 103
1667319871872 0.7197933396321815 104
1667319879375 0.719939176408877 105
1667319886750 0.7198925971459291 106
1667319897023 0.7205793159922578 107
1667319905319 0.7205738970826661 108
1667319913833 0.7206497870173791 109
1667319922157 0.7209540633034912 110
1667319929883 0.720947331964691 111
1667319937616 0.7212030797654101 112
1667319945518 0.7215239775702893 113
1667319953649 0.7217669425318848 114
1667319962340 0.721789225585439 115
1667319970606 0.7221558165185663 116
1667319983384 0.722033011164483 117
1667319991220 0.7219358144490018 118
1667319998967 0.7221402074317872 119
1667320006465 0.7223641903189124 120
1667320014408 0.7226116271204643 121
1667320022256 0.7230948978496772 122
1667320030019 0.7237277942737219 123
1667320037385 0.7242633077648517 124
1667320045171 0.7241361858314677 125
1667320053099 0.7243742670702683 126
1667320060535 0.7243105025382 127
1667320067859 0.7244922868299709 128
1667320075225 0.7246667943169663 129
1667320082597 0.7247973288052557 130
1667320090129 0.725260567424978 131
1667320097893 0.7251856142807219 132
1667320106006 0.7256327523965875 133
1667320113885 0.7257095353520384 134
1667320121525 0.7258041258032779 135
1667320128884 0.725592137903889 136
1667320139414 0.7259096840039135 137
1667320147263 0.726251690128767 138
1667320154664 0.7261367941701911 139
1667320162270 0.7260323057735685 140
1667320170063 0.7263904596500238 141
1667320178050 0.7262815791874677 142
1667320185731 0.726266381588845 143
1667320193388 0.7261580827514665 144
1667320200905 0.726493180599346 145
1667320208380 0.7263707685339262 146
1667320215808 0.7262448211792236 147
1667320223424 0.7268679740391628 148
1667320230728 0.7268366643834447 149
1667320237938 0.7270642334405221 150
1667320245290 0.7271926280810017 151
1667320252499 0.7271852316251921 152
1667320259810 0.7270657011303859 153
1667320267125 0.7270714742409942 154
1667320274657 0.7271085930116239 155
1667320282170 0.7274444031393729 156
1667320291338 0.7271239642252935 157
1667320298803 0.7274117375245107 158
1667320306452 0.7273033416778796 159
1667320313937 0.7276047286279623 160
1667320321327 0.7275406925073316 161
1667320328651 0.72748977846559 162
1667320336296 0.727587499519109 163
1667320343609 0.7277594150686475 164
1667320351429 0.7279622321088752 165
1667320358920 0.7281026104936499 166
1667320367002 0.7277550014800942 167
1667320376042 0.7276223917118549 168
1667320383844 0.7279117049493266 169
1667320392025 0.7277800532543808 170
1667320400556 0.7279463299109137 171
1667320408460 0.7280188470128344 172
1667320416826 0.7282337773328873 173
1667320424632 0.7283968219355997 174
1667320432556 0.7283914388754129 175
1667320441283 0.7284467527485038 176
1667320449216 0.7285660262913296 177
1667320461601 0.7282406169243815 178
1667320470377 0.7285204661066244 179
1667320478640 0.7286377553020795 180
1667320486267 0.7285532399741805 181
1667320494819 0.7286298639511666 182
1667320502861 0.7284711901315513 183
1667320511231 0.7284952981593295 184
1667320519565 0.7287555148715598 185
1667320527280 0.7286100138566043 186
1667320535339 0.7286836696878015 187
1667320543123 0.7288391553782139 188
1667320550763 0.7292102220240053 189
1667320558594 0.7288576278361137 190
1667320566782 0.7290980697855158 191
1667320574076 0.7290433026524605 192
1667320581468 0.7292110571231374 193
1667320589216 0.7294186597577456 194
1667320596867 0.7291900357730208 195
1667320604486 0.7291812696008629 196
1667320612307 0.7293538355459441 197
1667320619911 0.7292639338347311 198
1667320627599 0.7293590269464898 199
