1667317582839 1.6107030372510012 0
1667317591091 1.6089582791273622 1
1667317598828 1.607474827492374 2
1667317606713 1.6061967556503998 3
1667317614360 1.6050655965147347 4
1667317622290 1.604061532842702 5
1667317631028 1.60316621078842 6
1667317639448 1.6023590112554615 7
1667317647215 1.6016266504923502 8
1667317658180 1.600962616931433 9
1667317666679 1.6003579970063835 10
1667317675132 1.5998114451594736 11
1667317682788 1.5993157680007233 12
1667317690367 1.5988634838455025 13
1667317697810 1.5984506486476153 14
1667317705265 1.5980715729724402 15
1667317712472 1.597717571258545 16
1667317719613 1.5973911266217287 17
1667317727183 1.5970835008840452 18
1667317734480 1.5967897291841178 19
1667317741984 1.5965039886277297 20
1667317749255 1.59621998606057 21
1667317757085 1.595943846647767 22
1667317765231 1.5956620104011447 23
1667317774437 1.595374678195208 24
1667317784741 1.5950612986224821 25
1667317793580 1.5947403225405463 26
1667317801879 1.594377856967093 27
1667317810615 1.5939693064525209 28
1667317818502 1.5935116343114568 29
1667317826127 1.5929499480916165 30
1667317833503 1.5922730506151572 31
1667317841269 1.5914152197454168 32
1667317848714 1.590309245558991 33
1667317856745 1.5888538344153043 34
1667317864142 1.5867475438392025 35
1667317871571 1.5837680874199702 36
1667317879397 1.579237344073153 37
1667317887386 1.5721513844084465 38
1667317894930 1.5613737229643196 39
1667317902527 1.546776377743688 40
1667317912451 1.530874522527059 41
1667317920518 1.5158101936866497 42
1667318243032 1.4998510363458217 43
1667318315998 1.481025371058234 44
1667318326805 1.4596794745017743 45
1667318334517 1.438057698052505 46
1667318342447 1.41700137511067 47
1667318350100 1.3955197959110655 48
1667318357643 1.3749240680672656 49
1667318364972 1.35623497606694 50
1667318371950 1.3403722206751505 51
1667318379070 1.3278811389002307 52
1667318386041 1.3181860211251797 53
1667318393101 1.310661494594881 54
1667318400113 1.3050995919896269 55
1667318407337 1.3005962686977168 56
1667318415018 1.2969279193330085 57
1667318422608 1.2939404753432877 58
1667318431695 1.2908014656483442 59
1667318439788 1.2855373004387165 60
1667318448125 1.273530887735301 61
1667318456262 1.2511350593347659 62
1667318463808 1.2272187720770122 63
1667318471341 1.2072222364359888 64
1667318480334 1.1937880738028164 65
1667318490889 1.1832608080458367 66
1667318500509 1.1755041950050442 67
1667318509163 1.169024047632327 68
1667318517656 1.1640127571149803 69
1667318525835 1.1602549604985906 70
1667318534187 1.156674942476996 71
1667318543116 1.153724417467227 72
1667318551948 1.1515559133441968 73
1667318559965 1.1493546921631386 74
1667318569061 1.1476499562976004 75
1667318576484 1.1458300480897399 76
1667318584812 1.1444205127913376 77
1667318593261 1.142909952415817 78
1667318602429 1.1415879281087853 79
