1667317583140 0.20325262994071008 0
1667317591362 0.20002206654816615 1
1667317599092 0.20558616959980958 2
1667317606982 0.19996027481022988 3
1667317614635 0.2 4
1667317622617 0.2 5
1667317631296 0.2 6
1667317639716 0.2 7
1667317647605 0.2 8
1667317658452 0.2 9
1667317666944 0.2 10
1667317675395 0.2 11
1667317683052 0.2 12
1667317690635 0.2 13
1667317698074 0.2 14
1667317705527 0.2 15
1667317712733 0.2 16
1667317719924 0.2 17
1667317727450 0.2 18
1667317734747 0.2 19
1667317742246 0.2 20
1667317749525 0.2 21
1667317757357 0.2 22
1667317765496 0.2 23
1667317775279 0.2 24
1667317785061 0.2 25
1667317793847 0.2 26
1667317802144 0.2 27
1667317810887 0.2 28
1667317818774 0.2 29
1667317826393 0.2 30
1667317833765 0.2 31
1667317841532 0.2 32
1667317849054 0.2 33
1667317857021 0.2 34
1667317864439 0.2 35
1667317871837 0.2 36
1667317879661 0.2000344367799718 37
1667317887692 0.20026820603665887 38
1667317895205 0.20300955051135067 39
1667317903246 0.25587583917106216 40
1667317912726 0.32007010782637463 41
1667317920904 0.3296174671867501 42
1667318243488 0.3360528809821539 43
1667318316623 0.34024010229181273 44
1667318327065 0.3431383246958041 45
1667318334801 0.3476239433969063 46
1667318342725 0.4105646257714687 47
1667318350432 0.47904814513542326 48
1667318357910 0.4991846723737029 49
1667318365246 0.5061110252580919 50
1667318372217 0.5105321815219719 51
1667318379355 0.513371459452308 52
1667318386304 0.5162691650531226 53
1667318393363 0.5190182588056953 54
1667318400374 0.5209491480363944 55
1667318407601 0.5226708486505327 56
1667318415330 0.5240650092099298 57
1667318422870 0.5248218281947142 58
1667318431963 0.5264165129747245 59
1667318440054 0.5490350596322744 60
1667318448390 0.6161780743077674 61
1667318456536 0.6495130446440157 62
1667318464070 0.6623982688788066 63
1667318471603 0.6708838508278598 64
1667318480604 0.6760239219492981 65
1667318491293 0.6808815297739509 66
1667318500782 0.6842486811650206 67
1667318509431 0.6875496454290934 68
1667318517926 0.6895359265481502 69
1667318526116 0.6915855687863321 70
1667318534479 0.6936768344011615 71
1667318543384 0.6947488974214537 72
1667318552215 0.6957946949667737 73
1667318560277 0.6969597249382058 74
1667318569385 0.6977861436048922 75
1667318576778 0.698710542326145 76
1667318585074 0.6995601759998722 77
1667318593524 0.700646040213051 78
1667318602740 0.7007975454805849 79
